7528:
1768578
2425666
226529
1315086
1315086
226529
1574887
1574887
2561770
1883043
2313892
2561770
1883043
1235347
770317
1768578
2425666
1574887
1883043
2313892
2561770
1768578
770317
1768578
773762
2313892
1768578
2425666
2425666
1235347
1883043
1574887
773762
2313892
1235347
1574887
1768578
2425666
773762
2313892
1883043
1883043
2425666
2313892
2561770
1574887
1315086
2425666
773762
2561770
2313892
1315086
770317
1768578
1768578
1768578
2313892
2425666
2561770
2313892
1883043
1235347
1574887
2561770
770317
1768578
2425666
2425666
2561770
1315086
2425666
1315086
1315086
2425666
1235347
226529
1235347
773762
1883043
773762
2561770
2561770
1883043
773762
2313892
2425666
1768578
1768578
1574887
1574887
1235347
2561770
226529
770317
1574887
1235347
770317
2561770
226529
1768578
226529
226529
1315086
1315086
2561770
1315086
2561770
226529
1315086
1315086
1235347
773762
2561770
1235347
770317
2561770
1883043
2313892
2561770
1883043
226529
1235347
2313892
1315086
226529
226529
773762
1235347
773762
773762
226529
2425666
1883043
226529
1574887
1883043
1768578
2425666
2561770
2561770
2561770
770317
1235347
1768578
2313892
1315086
1315086
1883043
2561770
2561770
2946:
959888
2264927
622440
959888
1622098
959888
2264927
135736
135736
145112
959888
145112
135736
2264927
622440
135736
622440
145112
135736
959888
959888
622440
1622098
959888
959888
2264927
1622098
135736
145112
959888
959888
622440
135736
145112
1622098
1622098
959888
145112
135736
959888
622440
135736
622440
959888
135736
2264927
1622098
2264927
1622098
2264927
145112
145112
1622098
622440
145112
135736
2264927
145112
2264927
622440
2264927
959888
959888
959888
145112
2264927
622440
135736
622440
2264927
959888
1622098
622440
959888
145112
135736
2264927
2264927
2264927
145112
145112
1622098
1622098
622440
2264927
959888
622440
622440
2264927
2264927
135736
1622098
1622098
959888
959888
1622098
959888
135736
135736
135736
622440
135736
2264927
135736
2264927
135736
135736
145112
959888
959888
145112
2264927
145112
622440
135736
622440
959888
959888
1622098
135736
959888
1622098
622440
135736
145112
135736
2264927
2264927
135736
135736
959888
1622098
622440
1622098
145112
1622098
1622098
1622098
135736
145112
959888
1622098
1622098
2264927
1622098
135736
622440
959888
145112
959888
145112
7465:
594196
1175391
2155740
2549681
594196
1707202
578657
830652
692267
2549681
594196
578657
1388386
983572
1388386
1175391
578657
2057520
388088
2057520
594196
2057520
2155740
1175391
830652
692267
692267
594196
388088
1388386
578657
830652
2549681
2549681
2155740
1388386
692267
2549681
1707202
1707202
2549681
1175391
692267
388088
692267
1213324
2155740
2155740
1707202
1707202
594196
692267
1213324
388088
578657
830652
1282872
1888411
578657
1388386
2155740
578657
1707202
768696
1175391
2549681
768696
768696
1707202
768696
1707202
2549681
1707202
594196
1282872
1175391
578657
1175391
830652
578657
1888411
578657
2057520
2155740
2057520
594196
2549681
1282872
1175391
1175391
388088
2155740
768696
1888411
830652
578657
594196
2155740
2549681
388088
1888411
1388386
1282872
1707202
578657
1175391
830652
578657
1213324
692267
692267
830652
2057520
1175391
830652
388088
1707202
1175391
1175391
768696
830652
1707202
768696
1213324
2155740
388088
1888411
830652
578657
692267
1707202
2155740
1707202
983572
1282872
578657
594196
1388386
768696
1888411
2057520
692267
830652
1707202
830652
388088
1388386
2057520
594196
768696
768696
830652
692267
578657
768696
2057520
1213324
594196
830652
1707202
1213324
2057520
594196
768696
388088
2155740
388088
692267
388088
692267
388088
983572
1282872
388088
692267
594196
983572
594196
830652
1707202
1282872
830652
2549681
692267
768696
768696
2057520
578657
830652
983572
1213324
830652
594196
2155740
1388386
983572
1388386
1388386
768696
388088
692267
2155740
388088
1888411
388088
1388386
1213324
578657
1388386
594196
2057520
692267
1888411
594196
768696
388088
2155740
594196
1707202
1707202
1388386
1388386
1282872
768696
830652
983572
768696
594196
2155740
1388386
578657
1175391
2155740
2155740
2549681
1888411
2057520
1888411
1388386
2155740
1213324
768696
1888411
830652
1707202
692267
2057520
830652
578657
1282872
1282872
388088
983572
578657
388088
768696
578657
388088
983572
2057520
2057520
1175391
578657
2549681
692267
2057520
594196
2155740
1282872
1282872
692267
2549681
2057520
2057520
1388386
2549681
1213324
578657
768696
692267
1388386
768696
2549681
768696
1175391
2057520
1707202
2155740
830652
1282872
983572
2549681
1888411
983572
578657
1175391
1388386
4154:
1609945
665291
1609945
665291
1609945
495489
2587968
1876855
1876855
665291
1609945
665291
1876855
1609945
1744656
665291
495489
665291
1744656
495489
1744656
665291
1876855
665291
495489
1876855
1744656
1876855
495489
495489
665291
2587968
495489
1744656
2587968
1876855
1876855
665291
665291
665291
1609945
2587968
495489
665291
495489
1876855
495489
665291
665291
1609945
1876855
495489
2587968
1876855
1744656
2587968
1744656
1876855
495489
1876855
1744656
495489
2587968
1876855
1744656
1609945
495489
495489
495489
665291
665291
1609945
495489
1744656
1876855
2587968
665291
1744656
2587968
665291
495489
665291
665291
1609945
1744656
1876855
495489
1609945
665291
1744656
665291
1609945
1876855
665291
1744656
665291
1744656
495489
1744656
1744656
2587968
495489
2587968
665291
1876855
2587968
1744656
495489
1609945
1609945
495489
495489
1876855
665291
1744656
1876855
2587968
1609945
2587968
1609945
1876855
1609945
495489
1744656
495489
1744656
1744656
1609945
1876855
1876855
1876855
1609945
495489
1744656
1744656
495489
1609945
2587968
1609945
495489
665291
1609945
665291
2587968
665291
1609945
1744656
2587968
1744656
1876855
2587968
495489
1744656
495489
1876855
1876855
1744656
2587968
1744656
2587968
1876855
1744656
1876855
1876855
1609945
2587968
1609945
1876855
1744656
1876855
665291
495489
1876855
1876855
495489
1744656
1744656
1876855
1876855
2587968
495489
1876855
495489
1876855
2587968
665291
1876855
665291
665291
1744656
1876855
1876855
1744656
495489
2587968
1744656
1744656
1609945
665291
1876855
495489
1609945
1876855
1744656
1609945
2587968
2587968
495489
1876855
1876855
665291
2587968
1609945
1744656
1876855
1744656
1744656
1609945
1609945
1744656
1609945
665291
2587968
495489
1876855
665291
1609945
665291
495489
2587968
2587968
1744656
1876855
1876855
665291
2587968
665291
1876855
1876855
1744656
2587968
665291
665291
495489
1609945
495489
1876855
665291
1744656
1744656
1744656
495489
922:
2119747
60346
1266036
2462235
2119747
60346
845363
209585
60346
845363
1266036
2462235
2462235
209585
60346
845363
2462235
1266036
60346
1266036
2462235
60346
2462235
1266036
2462235
488590
60346
488590
1266036
60346
60346
209585
209585
2119747
1266036
845363
1266036
488590
1266036
209585
2462235
2462235
1266036
2119747
488590
845363
488590
209585
488590
845363
2119747
60346
488590
2119747
2119747
2119747
209585
209585
2119747
845363
60346
2462235
60346
2462235
60346
845363
60346
845363
2119747
209585
2119747
209585
2462235
1266036
2462235
1266036
845363
2462235
2119747
1266036
1266036
845363
488590
2119747
845363
60346
209585
488590
2462235
1266036
2119747
2462235
488590
845363
2462235
60346
488590
488590
2462235
488590
488590
488590
5791:
702376
1219516
963444
1219516
963444
1219516
702376
702376
963444
1219516
702376
1219516
963444
963444
1219516
1219516
963444
702376
702376
702376
1219516
1219516
963444
1219516
1219516
702376
963444
1219516
1219516
963444
1219516
1219516
1219516
963444
702376
1219516
963444
1529:
100163
738335
1198518
1198518