7793 2268
1213 8991
1569 3216
8115 4787
3484 6226
6343 4543
624 2298
4802 1761
4985 9764
4310 3890
6325 5330
5194 635
1175 1083
1684 4737
9686 6199
9224 9326
6324 8125
8299 2431
255 8944
3987 9258
8960 5442
5228 8192
2687 8518
1975 8022
7601 2897
6209 5334
9526 6877
4313 8575
8352 3167
6643 7924
9683 1572
1114 5179
2298 5739
3377 2498
4275 2367
9146 2983
9441 7353
356 8772
1483 5856
347 7895
8342 7081
309 8059
3740 4486
6469 2797
9131 8800
2960 1926
4163 2447
5958 3396
919 3665
8386 1113
6664 2311
2484 9208
9028 3651
8661 9183
409 7740
2615 253
4154 3220
8451 8078
6629 4756
9698 530
836 2077
9973 1075
6889 3256
1531 1480
3341 1912
6353 8868
975 9102
6567 6336
3308 6773
3112 202
2911 4600
5662 9006
7139 2282
1254 9004
8793 2564
9068 3880
7454 4818
8307 550
1283 9610
2195 3789
4112 7726
4399 2350
8929 4646
6438 3736
7748 7779
7845 9046
3882 5444
3790 7684
5634 5792
2054 5127
2419 8941
9892 6163
2602 8865
2439 1446
9340 8987
7753 8649
7675 3997
9385 5905
4016 2968
324 3681
3285 3225
1635 6473
1076 3225
8833 5493
2596 4418
2772 376
5689 3673
9113 4939
9187 9262
6876 1637
8512 9012
3523 8994
9407 4135
856 626
8203 6377
915 2925
459 666
4010 2180
1856 8616
23 9069
8604 7705
9928 1102
5356 4533
705 4664
7520 2011
5203 4000
7603 8464
4692 1484
5733 5440
6099 1215
7999 5700
7759 8770
7367 301
6996 5440
2106 1150
5727 4482
1538 1807
2336 2994
2286 3426
7256 937
6527 3549
5116 9883
449 9791
3005 7071
438 3412
6874 7263
1539 2405
9305 2024
20 3375
6071 5617
3968 7768
7995 3789
674 2952
8827 2632
8199 383
8722 8052
3644 7044
9795 2265
6023 4842
3459 7148
7024 3817
6803 4148
7898 9824
4066 3439
4787 5715
2822 800
160 5862
9162 1274
680 2792
3549 6142
9716 627
990 9994
885 5762
9053 1483
625 9221
5249 6005
1741 6559
6527 1905
2174 2863
8194 1898
454 2743
8609 655
8229 5155
4887 8599
427 122
1647 2021
6248 400
6014 112
9064 5828
7654 6116
7921 9943
7923 1337
6943 2645
8208 4428
8755 1774
9778 2521
2630 2142
4210 2338
9628 2214
3480 590
2586 2597
9924 8477
6381 3532
6075 7011
879 7495
9886 7808
2274 5090
9301 8598
1722 8369
8108 6297
5936 6855
3763 3439
4091 6331
1274 4878
9966 7851
7858 547
9946 390
6094 7727
6981 9324
7632 2910
5279 220
5289 5167
7229 5243
8781 767
6766 5514
7543 2357
6697 1767
9965 4469
2966 2501
9371 4603
3825 2604
2137 4985
6633 656
3514 1379
4480 3999
1540 36
7996 7431
5325 4895
8010 7872
6681 6722
9482 3152
3261 4171
8319 5786
19 4677
5986 9430
5673 6410
9835 3149
191 7155
6658 1651
6231 8364
788 257
4673 8683
1697 6052
5382 2371
9538 8772
8797 1650
9593 8016
2497 5284
4403 2703
4001 9352
750 5633
9908 5008
8919 7812
4798 5986
1847 3177
4097 3146
5099 3077
8783 7358
3324 4903
1830 5157
628 7807
222 3484
4460 1119
7265 2407
5369 5257
1107 4665
7714 9542
465 6801
7008 4903
291 599
7950 769
7111 3699
7152 734
4612 2873
8459 6144
3363 4250
8010 9224
3318 4116
6375 4563
8900 8445
44 4940
3509 6309
5599 4182
6395 1364
9584 317
7916 6280
7199 4207
4418 7615
7248 3770
5841 5106
4887 9539
9040 6936
4382 4589
9525 6163
1565 2843
1112 2726
2230 7350
5781 8516
1578 4145
6040 7370
9935 2173
7740 4088
6752 5635
8038 8631
4408 5415
6215 3892
1411 9724
5842 90
5965 815
4603 1521
8698 7969
7119 7192
6389 3961
4314 6666
7140 6634
9508 2282
2163 245
4961 4955
2097 7257
1041 5202
4113 1200
2071 3070
120 4058
3282 7269
4346 3112
2658 5934
8900 3347
8461 5558
748 7401
1225 4542
2750 2572
6125 4634
7084 7147
3871 3236
1616 9148
2946 5419
674 8015
6161 6436
8047 1215
1051 6739
6553 8558
7577 241
3132 1371
7307 8219
9395 5438
4462 7201
3961 5242
2270 6332
3198 7896
9942 1562
6546 4885
724 1568
5156 5959
4456 7960
7857 9270
3042 8662
7252 238
5744 7531
2069 3788
2876 2564
9239 813
5933 1469
3994 2209
9084 6087
6902 8161
3312 8270
5335 7737
5553 654
3903 4799
8097 5026
3069 3235
6080 2094
8940 1281
7829 1438
4194 5198
6394 7689
6399 3629
9593 3295
9644 9001
4813 9541
4264 1704
6837 6062
5973 1449
5525 511
3817 5144
7991 9264
3249 9108
9610 2214
5913 3283
6918 6042
6753 3333
4780 9409
9398 8996
3136 8977
3672 5436
1183 8522
5852 4409
1404 4255
1623 5860
943 7178
8549 2719
1656 2045
3425 8565
1495 4649
1155 8147
8574 6814
6712 864
5648 630
3454 1406
6494 5007
1641 3770
4411 4927
8477 8761
6702 6222
4400 1836
1314 8006
5683 3792
7710 3842
7004 2539
9511 9019
7459 5642
6797 9740
7758 3424
6616 6178
2293 3421
3066 5045
7143 3940
7470 4287
5609 9702
2536 5657
8810 437
8946 3191
5278 4810
7786 6875
2179 3992
3785 707
4131 1113
9362 9817
8119 3551
3076 2765
3927 8787
2424 368
1880 9916
9569 8199
7602 5055
5296 334
2312 235
3245 1333
4589 4954
4068 8411
4815 2037
6093 6628
6830 7674
3931 6490
6107 3259
1426 1190
8988 4227
2053 7087
1720 3026
5353 2600
2047 1572
1860 8059
5099 3700
8170 1775
1354 4466
6907 925
6084 3300
3989 7030
1717 1081
2571 1002
4254 7574
5065 7575
6680 2393
461 2247
6324 1444
961 6679
8361 7182
5579 9381
3594 9327
5065 9709
8425 3431
8278 2996
3868 9495
1098 70
3886 2207
7597 2998
4635 9644
8442 1620
6623 6160
5774 1596
2113 6428
2664 5137
3117 8065
3541 9658
2332 6109
1182 4678
8413 4541
7510 2534
8020 1443
3369 1765
6407 9615
6735 8679
6073 6717
7462 380
1288 1000
6104 6258
5542 4112
6574 7832
3655 3460
3727 9671
6222 9654
80 6613
9258 4737
3986 1370
6504 9173
5143 358
9985 3298
536 2299
6832 6395
610 9437
1131 4234
5988 873
3994 8767
1715 4013
609 7777
6311 9536
355 3278
4306 82
7920 9826
7079 33
7988 4190
6495 4203
8034 1096
2350 9451
9473 761
6439 8755
1411 2765
639 8967
2441 4214
7010 2113
5009 8547
9946 5004
7402 6835
2579 6369
6616 9518
4319 1292
6752 5287
8318 1352
7048 3943
1591 791
2267 209
8283 90
5819 584
300 2700
1933 7669
8523 3683
6357 1639
2732 7910
5330 7770
8435 1914
5665 3029
2570 4336
3505 2018
1947 488
8165 5435
5846 6227
1843 4013
259 9739
3272 9859
9210 1512
3408 9465
9075 6802
4546 9357
1506 4885
6436 3503
6843 5778
1614 2295
9335 2066
7279 7326
8324 3943
4050 3733
8172 8879
8555 603
8382 670
8131 7945
7865 3852
792 4378
8911 6156
3750 4939
2581 460
6663 4648
6924 9365
4655 1451
3613 6699
1782 5538
6947 1643
5568 4606
5150 6639
5839 5705
3892 3148
2578 889
7658 4339
7819 2541
7557 6393
9368 331
1644 9552
1107 9570
347 755
8263 9664
2925 6066
3566 8208
2245 9069
9252 7155
1581 8586
3874 8387
6936 5658
5400 6418
742 3647
3039 3087
5949 1246
3934 7294
3324 8619
2526 2795
7234 9955
6333 9460
3235 1320
9030 8147
2411 382
5994 4771
925 5064
7248 9605
4882 4420
8161 7572
7418 6255
3765 91
9222 5089
6893 9957
4002 1299
4462 9446
2615 5576
5342 5681
2648 8802
390 5578
9375 9460
9561 2766
8578 7037
9856 7063
5237 1132
3487 4486
228 5465
1853 9757
8993 9495
8118 5013
9482 6715
488 7564
6889 3462
562 7847
5440 8297
5167 880
5429 3996
1541 6707
5232 8465
4162 1463
7903 1164
8772 2262
816 9694
2446 2942
8401 8586
3783 4562
1213 9719
7690 697
8992 5252
6476 3148
9332 5019
2431 3314
4510 530
8937 2917
3080 5855
1710 6280
853 6092
5279 9430
8326 2373
989 3664
2382 7036
4354 8834
2840 1443
8215 5928
3024 5441
6217 8657
71 3363
7955 943
6119 3305
317 5940
7148 4659
2874 1522
448 5827
2239 3838
9677 4276
6688 4727
2324 1540
3892 2439
9561 2671
3409 9673
5950 5412
1727 7996
7761 403
6634 5187
534 9779
3475 3267
8699 4819
8528 9533
2166 8425
8297 3383
8621 7717
9245 549
4082 844
2512 6551
8797 8923
3706 5395
2874 8301
2347 2700
9064 4201
5643 5939
694 9092
9384 4996
9820 9756
1294 7602
82 8966
1876 3063
6994 6399
5503 4634
9166 5088
5145 4846
797 2189
8074 8424
4526 7837
3540 3233
7682 1083
1019 3628
5253 7260
2954 9819
2491 1057
8562 5227
802 7951
8513 5767
7743 3317
6398 6416
5807 6647
4773 8938
7761 9371
2587 9179
6729 5685
7410 3808
3911 934
1563 2390
8703 4280
4398 2522
8424 204
6879 1766
8758 9142
7525 6567
2425 9735
5060 2534
1171 9941
2782 2672
6310 5148
9618 3681
1011 225
8915 1511
8372 4152
1789 7325
7250 3886
1958 215
1766 6532
2048 7111
9756 3175
4840 9233
4845 2177
3960 6241
4173 2127
8147 6584
1514 9945
9375 5678
3385 8175
704 2970
929 7388
2382 160
9548 6373
933 49
8310 6141
9435 280
7842 998
6712 2453
7499 28
8501 9349
1482 8854
5056 9920
3830 1308
4113 7420
7046 1329
7640 5112
7488 915
5611 12
9564 4079
4466 538
399 3673
9609 2552
1731 860
996 8144
3419 7984
4678 2453
7335 5514
9596 1750
1858 2635
4110 782
8726 1612
2770 8017
442 8007
63 4874
8994 5022
1559 9761
8683 8414
9873 1250
4412 7824
6191 9497
8699 4580
2530 4828
8747 6989
7390 6055
5346 7222
3873 2782
2215 4935
3624 5134
1531 1003
1534 1417
660 6719
6011 3915
7126 3101
8431 3224
2458 3580
5894 6653
4775 4487
4716 1429
2821 3527
9678 2790
8737 7269
5196 1360
8789 5296
6117 6071
5143 204
9947 992
3138 7179
1159 6387
2100 6980
2813 7399
8858 536
5225 9409
7407 7255
1643 8876
291 3925
5698 1213
278 4377
7287 5997
7792 1405
8349 7353
5651 7684
4476 7453
4494 8907
5380 5887
7086 4298
7057 3076
3568 8722
3734 1593
7820 4951
5978 8948
9291 2574
2487 4154
6612 4080
1081 1777
2878 9548
6493 4314
4519 8186
3133 6780
6309 5438
3530 2310
5845 5641
8501 4452
5532 9337
7659 5002
8246 8789
5680 6288
3341 916
5770 9649
7701 6834
5869 6540
1520 701
5180 4727
5653 6874
1404 5673
2952 9520
8825 4048
1776 2273
9208 3979
1922 2119
5402 3285
4503 3208
9195 1836
7085 5721
9868 5684
2486 7420
1456 3227
7635 8977
2652 651
6257 1812
5938 4459
2190 8322
8559 2585
7500 8545
8122 7831
5076 3775
6248 9947
8452 4016
822 8968
9793 169
9615 7739
5479 958
6326 4113
5524 212
8494 9133
7092 6580
2929 16
9665 7656
1921 1699
910 636
9699 197
8033 255
7748 3086
6669 2844
6156 7792
3516 6810
6294 9564
322 8951
3119 4727
9555 1507
4687 6074
3862 5142
2003 4131
1947 6399
8837 6067
2512 4359
2939 2249
8600 8589
2285 7796
1447 1240
3912 1052
5828 6076
6658 1581
7154 3764
3746 4657
7071 5168
3012 2146
349 3813
9365 4729
6609 6907
4496 946
8580 2444
5946 8138
3207 6236
8938 7726
9070 5138
3227 8020
6438 1324
1344 1598
1027 9789
3032 5997
4692 2870
4823 6011
3021 5710
9307 2627
2035 759
2693 2531
4403 5181
1987 3616
5333 364
9925 8940
7423 6767
707 6046
8440 4227
2310 8980
2653 8446
